Starting job on  Thu Feb 21 15:05:53 UTC 2019
Running on  Linux bmahakud-544914-0-cmswn1980.fnal.gov 3.10.0-957.1.3.el7.x86_64 #1 SMP Mon Nov 26 12:36:06 CST 2018 x86_64 x86_64 x86_64 GNU/Linux
System release  Scientific Linux release 6.10 (Carbon)
CMSSW on Condor

parameter set:
CMSSWVER:   CMSSW_10_2_10
OUTDIR:     root://cmseos.fnal.gov//store/user/bmahakud/BoostedJpsiRECOFiles
/storage/local/data1/condor/execute/dir_9422
21-Feb-2019 15:08:50 UTC  Initiating request to open file root://cmsxrootd-site.fnal.gov//store/mc/RunIIAutumn18DRPremix/JPsiToMuMu_Pt20to100-pythia8-gun/GEN-SIM-RAW/102X_upgrade2018_realistic_v15_ext1-v1/110000/AB4EDEEB-A0E1-B14B-A5B2-FFE0499BDA1A.root
%MSG-w XrdAdaptorInternal:  file_open 21-Feb-2019 15:08:53 UTC pre-events
Failed to open file at URL root://cmsxrootd-site.fnal.gov:1094//store/mc/RunIIAutumn18DRPremix/JPsiToMuMu_Pt20to100-pythia8-gun/GEN-SIM-RAW/102X_upgrade2018_realistic_v15_ext1-v1/110000/AB4EDEEB-A0E1-B14B-A5B2-FFE0499BDA1A.root.
%MSG
%MSG-w XrdAdaptorInternal:  file_open 21-Feb-2019 15:08:53 UTC pre-events
Failed to open file at URL root://cmsxrootd-site.fnal.gov:1094//store/mc/RunIIAutumn18DRPremix/JPsiToMuMu_Pt20to100-pythia8-gun/GEN-SIM-RAW/102X_upgrade2018_realistic_v15_ext1-v1/110000/AB4EDEEB-A0E1-B14B-A5B2-FFE0499BDA1A.root?tried=.
%MSG
21-Feb-2019 15:08:53 UTC  Fallback request to file root://cmsxrootd.fnal.gov//store/mc/RunIIAutumn18DRPremix/JPsiToMuMu_Pt20to100-pythia8-gun/GEN-SIM-RAW/102X_upgrade2018_realistic_v15_ext1-v1/110000/AB4EDEEB-A0E1-B14B-A5B2-FFE0499BDA1A.root
%MSG-w XrdAdaptor:  file_open 21-Feb-2019 15:09:34 UTC pre-events
Data is served from indiacms.res.in instead of original site US-Regional-Nebraska
%MSG
21-Feb-2019 15:09:39 UTC  Successfully opened file root://cmsxrootd.fnal.gov//store/mc/RunIIAutumn18DRPremix/JPsiToMuMu_Pt20to100-pythia8-gun/GEN-SIM-RAW/102X_upgrade2018_realistic_v15_ext1-v1/110000/AB4EDEEB-A0E1-B14B-A5B2-FFE0499BDA1A.root
%MSG-e TkDetLayers:   ConversionTrackCandidateProducer:uncleanedOnlyConversionTrackCandidates@streamBeginRun  21-Feb-2019 17:53:45 UTC Run: 1 Stream: 0
 ForwardDiskSectorBuilderFromDet: Trying to build Petal Wedge from Dets at different z positions !! Delta_z = -0.950417
%MSG
Begin processing the 1st record. Run 1, Event 40006, LumiSection 41 on stream 0 at 21-Feb-2019 17:54:17.277 UTC
%MSG-w Muon:  GlobalMuonProducer:displacedGlobalMuons 21-Feb-2019 18:07:39 UTC  Run: 1 Event: 40050
     Failed to load tracker track trajectory
%MSG
%MSG-w RecoMuon:  GlobalMuonProducer:displacedGlobalMuons  21-Feb-2019 18:07:39 UTC Run: 1 Event: 40050
     Failed to load tracker track trajectory
%MSG
%MSG-w GlobalMuon:  GlobalMuonProducer:displacedGlobalMuons  21-Feb-2019 18:07:39 UTC Run: 1 Event: 40050
     Failed to load tracker track trajectory
%MSG
%MSG-w GlobalTrajectoryBuilderBase:  GlobalMuonProducer:displacedGlobalMuons  21-Feb-2019 18:07:39 UTC Run: 1 Event: 40050
     Failed to load tracker track trajectory
%MSG
%MSG-w Muon:  GlobalMuonProducer:globalMuons 21-Feb-2019 18:12:53 UTC  Run: 1 Event: 40064
Propagation to the PCA using TSCPBuilderNoMaterial failed! This can cause a severe bug.
%MSG
%MSG-w RecoMuon:  GlobalMuonProducer:globalMuons 21-Feb-2019 18:12:53 UTC  Run: 1 Event: 40064
Propagation to the PCA using TSCPBuilderNoMaterial failed! This can cause a severe bug.
%MSG
%MSG-w MuonUpdatorAtVertex:  GlobalMuonProducer:globalMuons  21-Feb-2019 18:12:53 UTC Run: 1 Event: 40064
Propagation to the PCA using TSCPBuilderNoMaterial failed! This can cause a severe bug.
%MSG
%MSG-w MakeMuonWithTEV:  MuonIdProducer:muons1stStep 21-Feb-2019 18:12:53 UTC  Run: 1 Event: 40064
Failed to get  TEV refits, fall back to sigma switch.
%MSG
%MSG-w Muon:  GlobalMuonProducer:displacedGlobalMuons 21-Feb-2019 18:14:15 UTC  Run: 1 Event: 40049
     Failed to load tracker track trajectory
%MSG
%MSG-w RecoMuon:  GlobalMuonProducer:displacedGlobalMuons  21-Feb-2019 18:14:15 UTC Run: 1 Event: 40049
     Failed to load tracker track trajectory
%MSG
%MSG-w GlobalMuon:  GlobalMuonProducer:displacedGlobalMuons  21-Feb-2019 18:14:15 UTC Run: 1 Event: 40049
     Failed to load tracker track trajectory
%MSG
%MSG-w GlobalTrajectoryBuilderBase:  GlobalMuonProducer:displacedGlobalMuons  21-Feb-2019 18:14:15 UTC Run: 1 Event: 40049
     Failed to load tracker track trajectory
%MSG
%MSG-w Muon:  GlobalMuonProducer:displacedGlobalMuons 21-Feb-2019 18:16:03 UTC  Run: 1 Event: 40074
     Failed to load tracker track trajectory
%MSG
%MSG-w RecoMuon:  GlobalMuonProducer:displacedGlobalMuons  21-Feb-2019 18:16:03 UTC Run: 1 Event: 40074
     Failed to load tracker track trajectory
%MSG
%MSG-w GlobalMuon:  GlobalMuonProducer:displacedGlobalMuons  21-Feb-2019 18:16:03 UTC Run: 1 Event: 40074
     Failed to load tracker track trajectory
%MSG
%MSG-w GlobalTrajectoryBuilderBase:  GlobalMuonProducer:displacedGlobalMuons  21-Feb-2019 18:16:03 UTC Run: 1 Event: 40074
     Failed to load tracker track trajectory
%MSG
[2019-02-21 18:21:10.244055 +0000][Error  ][AsyncSock         ] [cms-xrd-transit.cern.ch:1094 #0.0] Socket error encountered: [ERROR] Socket error: Resource temporarily unavailable
%MSG-w PFTrackTransformer:  PFTrackProducer:pfTrack 21-Feb-2019 18:39:28 UTC  Run: 1 Event: 40163
KF TRACK Reco track charge = -1, type = 1, Pt = 17.1695, P = 178.549
	R0 = 0.078351 Z0 = -9.2488
	number of tracker measurements = 0
	number of points total = 4
Traj point id = -1, layer = 0, Eta,Phi = -5.46422,1.23096, X,Y = 0.0261171,0.07387, R,Z = 0.078351,-9.2488, E,Pt = 178.549,17.1695
Traj point id = -1, layer = 1, Eta,Phi = 2.58782,2.66645, X,Y = -2.22306,1.14367, R,Z = 2.5,16.5319, E,Pt = 178.549,17.1695
Traj point id = -1, layer = -1, Eta,Phi = 0,0, X,Y = 0,0, R,Z = 0,0, E,Pt = 0,0
Traj point id = -1, layer = -1, Eta,Phi = 0,0, X,Y = 0,0, R,Z = 0,0, E,Pt = 0,0
 PROPAGATION TO THE ECAL HAS FAILED
%MSG
%MSG-w PFTrackTransformer:  PFTrackProducer:pfTrack 21-Feb-2019 18:39:28 UTC  Run: 1 Event: 40163
KF TRACK Reco track charge = -1, type = 1, Pt = 17.1695, P = 178.549
	R0 = 0.078351 Z0 = -9.2488
	number of tracker measurements = 0
	number of points total = 6
Traj point id = -1, layer = 0, Eta,Phi = -5.46422,1.23096, X,Y = 0.0261171,0.07387, R,Z = 0.078351,-9.2488, E,Pt = 178.549,17.1695
Traj point id = -1, layer = 1, Eta,Phi = 2.58782,2.66645, X,Y = -2.22306,1.14367, R,Z = 2.5,16.5319, E,Pt = 178.549,17.1695
Traj point id = -1, layer = -1, Eta,Phi = 0,0, X,Y = 0,0, R,Z = 0,0, E,Pt = 0,0
Traj point id = -1, layer = -1, Eta,Phi = 0,0, X,Y = 0,0, R,Z = 0,0, E,Pt = 0,0
Traj point id = -1, layer = -1, Eta,Phi = 0,0, X,Y = 0,0, R,Z = 0,0, E,Pt = 0,0
Traj point id = -1, layer = -1, Eta,Phi = 0,0, X,Y = 0,0, R,Z = 0,0, E,Pt = 0,0
 PROPAGATION TO THE HCAL ENTRANCE HAS FAILED
%MSG
%MSG-w PFTrackTransformer:  PFTrackProducer:uncleanedOnlyPfTrack  21-Feb-2019 18:39:30 UTC Run: 1 Event: 40163
KF TRACK Reco track charge = -1, type = 1, Pt = 17.1695, P = 178.549
	R0 = 0.078351 Z0 = -9.2488
	number of tracker measurements = 0
	number of points total = 4
Traj point id = -1, layer = 0, Eta,Phi = -5.46422,1.23096, X,Y = 0.0261171,0.07387, R,Z = 0.078351,-9.2488, E,Pt = 178.549,17.1695
Traj point id = -1, layer = 1, Eta,Phi = 2.58782,2.66645, X,Y = -2.22306,1.14367, R,Z = 2.5,16.5319, E,Pt = 178.549,17.1695
Traj point id = -1, layer = -1, Eta,Phi = 0,0, X,Y = 0,0, R,Z = 0,0, E,Pt = 0,0
Traj point id = -1, layer = -1, Eta,Phi = 0,0, X,Y = 0,0, R,Z = 0,0, E,Pt = 0,0
 PROPAGATION TO THE ECAL HAS FAILED
%MSG
%MSG-w PFTrackTransformer:  PFTrackProducer:uncleanedOnlyPfTrack  21-Feb-2019 18:39:30 UTC Run: 1 Event: 40163
KF TRACK Reco track charge = -1, type = 1, Pt = 17.1695, P = 178.549
	R0 = 0.078351 Z0 = -9.2488
	number of tracker measurements = 0
	number of points total = 6
Traj point id = -1, layer = 0, Eta,Phi = -5.46422,1.23096, X,Y = 0.0261171,0.07387, R,Z = 0.078351,-9.2488, E,Pt = 178.549,17.1695
Traj point id = -1, layer = 1, Eta,Phi = 2.58782,2.66645, X,Y = -2.22306,1.14367, R,Z = 2.5,16.5319, E,Pt = 178.549,17.1695
Traj point id = -1, layer = -1, Eta,Phi = 0,0, X,Y = 0,0, R,Z = 0,0, E,Pt = 0,0
Traj point id = -1, layer = -1, Eta,Phi = 0,0, X,Y = 0,0, R,Z = 0,0, E,Pt = 0,0
Traj point id = -1, layer = -1, Eta,Phi = 0,0, X,Y = 0,0, R,Z = 0,0, E,Pt = 0,0
Traj point id = -1, layer = -1, Eta,Phi = 0,0, X,Y = 0,0, R,Z = 0,0, E,Pt = 0,0
 PROPAGATION TO THE HCAL ENTRANCE HAS FAILED
%MSG
%MSG-w PFTrackTransformer:  PFTrackProducer:pfTrack 21-Feb-2019 18:40:23 UTC  Run: 1 Event: 40168
KF TRACK Reco track charge = 1, type = 1, Pt = 5.72886, P = 60.7869
	R0 = 0.0460495 Z0 = -9.49667
	number of tracker measurements = 0
	number of points total = 4
Traj point id = -1, layer = 0, Eta,Phi = -6.02213,1.63932, X,Y = -0.00315291,0.0459414, R,Z = 0.0460495,-9.49667, E,Pt = 60.7869,5.72886
Traj point id = -1, layer = 1, Eta,Phi = 2.58322,1.29114, X,Y = 0.690074,2.40287, R,Z = 2.5,16.4552, E,Pt = 60.7871,5.72886
Traj point id = -1, layer = -1, Eta,Phi = 0,0, X,Y = 0,0, R,Z = 0,0, E,Pt = 0,0
Traj point id = -1, layer = -1, Eta,Phi = 0,0, X,Y = 0,0, R,Z = 0,0, E,Pt = 0,0
 PROPAGATION TO THE ECAL HAS FAILED
%MSG
%MSG-w PFTrackTransformer:  PFTrackProducer:pfTrack 21-Feb-2019 18:40:23 UTC  Run: 1 Event: 40168
KF TRACK Reco track charge = 1, type = 1, Pt = 5.72886, P = 60.7869
	R0 = 0.0460495 Z0 = -9.49667
	number of tracker measurements = 0
	number of points total = 6
Traj point id = -1, layer = 0, Eta,Phi = -6.02213,1.63932, X,Y = -0.00315291,0.0459414, R,Z = 0.0460495,-9.49667, E,Pt = 60.7869,5.72886
Traj point id = -1, layer = 1, Eta,Phi = 2.58322,1.29114, X,Y = 0.690074,2.40287, R,Z = 2.5,16.4552, E,Pt = 60.7871,5.72886
Traj point id = -1, layer = -1, Eta,Phi = 0,0, X,Y = 0,0, R,Z = 0,0, E,Pt = 0,0
Traj point id = -1, layer = -1, Eta,Phi = 0,0, X,Y = 0,0, R,Z = 0,0, E,Pt = 0,0
Traj point id = -1, layer = -1, Eta,Phi = 0,0, X,Y = 0,0, R,Z = 0,0, E,Pt = 0,0
Traj point id = -1, layer = -1, Eta,Phi = 0,0, X,Y = 0,0, R,Z = 0,0, E,Pt = 0,0
 PROPAGATION TO THE HCAL ENTRANCE HAS FAILED
%MSG
%MSG-w PFTrackTransformer:  PFTrackProducer:uncleanedOnlyPfTrack  21-Feb-2019 18:40:24 UTC Run: 1 Event: 40168
KF TRACK Reco track charge = 1, type = 1, Pt = 5.72886, P = 60.7869
	R0 = 0.0460495 Z0 = -9.49667
	number of tracker measurements = 0
	number of points total = 4
Traj point id = -1, layer = 0, Eta,Phi = -6.02213,1.63932, X,Y = -0.00315291,0.0459414, R,Z = 0.0460495,-9.49667, E,Pt = 60.7869,5.72886
Traj point id = -1, layer = 1, Eta,Phi = 2.58322,1.29114, X,Y = 0.690074,2.40287, R,Z = 2.5,16.4552, E,Pt = 60.7871,5.72886
Traj point id = -1, layer = -1, Eta,Phi = 0,0, X,Y = 0,0, R,Z = 0,0, E,Pt = 0,0
Traj point id = -1, layer = -1, Eta,Phi = 0,0, X,Y = 0,0, R,Z = 0,0, E,Pt = 0,0
 PROPAGATION TO THE ECAL HAS FAILED
%MSG
%MSG-w PFTrackTransformer:  PFTrackProducer:uncleanedOnlyPfTrack  21-Feb-2019 18:40:24 UTC Run: 1 Event: 40168
KF TRACK Reco track charge = 1, type = 1, Pt = 5.72886, P = 60.7869
	R0 = 0.0460495 Z0 = -9.49667
	number of tracker measurements = 0
	number of points total = 6
Traj point id = -1, layer = 0, Eta,Phi = -6.02213,1.63932, X,Y = -0.00315291,0.0459414, R,Z = 0.0460495,-9.49667, E,Pt = 60.7869,5.72886
Traj point id = -1, layer = 1, Eta,Phi = 2.58322,1.29114, X,Y = 0.690074,2.40287, R,Z = 2.5,16.4552, E,Pt = 60.7871,5.72886
Traj point id = -1, layer = -1, Eta,Phi = 0,0, X,Y = 0,0, R,Z = 0,0, E,Pt = 0,0
Traj point id = -1, layer = -1, Eta,Phi = 0,0, X,Y = 0,0, R,Z = 0,0, E,Pt = 0,0
Traj point id = -1, layer = -1, Eta,Phi = 0,0, X,Y = 0,0, R,Z = 0,0, E,Pt = 0,0
Traj point id = -1, layer = -1, Eta,Phi = 0,0, X,Y = 0,0, R,Z = 0,0, E,Pt = 0,0
 PROPAGATION TO THE HCAL ENTRANCE HAS FAILED
%MSG
%MSG-w BasicTrajectoryState:  TrackProducer:convStepTracks  21-Feb-2019 18:47:44 UTC Run: 1 Event: 40198
curv error not pos-def
[      72.2818     9.58251    -3.64575     5.41021     73.2611
       9.58251    0.449353   -0.561319  -0.0460959     2.07516
      -3.64575   -0.561319    0.176476   -0.345392    -4.42064
       5.41021  -0.0460959   -0.345392   -0.304728    -1.61693
       73.2611     2.07516    -4.42064    -1.61693     3.21367 ]
pos/mom/mf  (-66.0521,-17.7817,-5.42104)   (-2.24283,-0.983602,-0.339201)   (0.00105613,0.000284318,3.81546) 
%MSG
%MSG-w BasicTrajectoryState:  TrackProducer:convStepTracks  21-Feb-2019 18:47:44 UTC Run: 1 Event: 40198
local error not pos-def
[      72.2818     -3.7381     9.88879     5.44504      73.875
       -3.7381    0.186566   -0.587687    -0.35127    -4.51867
       9.88879   -0.587687    0.491304  -0.0420817      2.2209
       5.44504    -0.35127  -0.0420817   -0.308692    -1.63817
        73.875    -4.51867      2.2209    -1.63817     3.32694 ]
pos/mom/mf  (-66.0521,-17.7817,-5.42104)   (-2.24283,-0.983602,-0.339201)   (0.00105613,0.000284318,3.81546) 
%MSG
Begin processing the 201st record. Run 1, Event 40204, LumiSection 41 on stream 0 at 21-Feb-2019 18:49:00.023 UTC
%MSG-w Muon:  GlobalMuonProducer:displacedGlobalMuons 21-Feb-2019 19:25:07 UTC  Run: 1 Event: 40340
     Failed to load tracker track trajectory
%MSG
%MSG-w RecoMuon:  GlobalMuonProducer:displacedGlobalMuons  21-Feb-2019 19:25:07 UTC Run: 1 Event: 40340
     Failed to load tracker track trajectory
%MSG
%MSG-w GlobalMuon:  GlobalMuonProducer:displacedGlobalMuons  21-Feb-2019 19:25:07 UTC Run: 1 Event: 40340
     Failed to load tracker track trajectory
%MSG
%MSG-w GlobalTrajectoryBuilderBase:  GlobalMuonProducer:displacedGlobalMuons  21-Feb-2019 19:25:07 UTC Run: 1 Event: 40340
     Failed to load tracker track trajectory
%MSG
Begin processing the 401st record. Run 1, Event 40403, LumiSection 41 on stream 0 at 21-Feb-2019 19:42:51.664 UTC
%MSG-w Muon:  GlobalMuonProducer:displacedGlobalMuons 21-Feb-2019 20:02:47 UTC  Run: 1 Event: 40485
     Failed to load tracker track trajectory
%MSG
%MSG-w RecoMuon:  GlobalMuonProducer:displacedGlobalMuons  21-Feb-2019 20:02:47 UTC Run: 1 Event: 40485
     Failed to load tracker track trajectory
%MSG
%MSG-w GlobalMuon:  GlobalMuonProducer:displacedGlobalMuons  21-Feb-2019 20:02:47 UTC Run: 1 Event: 40485
     Failed to load tracker track trajectory
%MSG
%MSG-w GlobalTrajectoryBuilderBase:  GlobalMuonProducer:displacedGlobalMuons  21-Feb-2019 20:02:47 UTC Run: 1 Event: 40485
     Failed to load tracker track trajectory
%MSG
%MSG-w MakeMuonWithTEV:  MuonIdProducer:muons1stStep 21-Feb-2019 20:08:17 UTC  Run: 1 Event: 40504
Failed to get  TEV refits, fall back to sigma switch.
%MSG
Begin processing the 601st record. Run 1, Event 40604, LumiSection 41 on stream 0 at 21-Feb-2019 20:33:24.684 UTC
%MSG-e TrajectoryNotPosDef:  GlobalMuonProducer:globalMuons  21-Feb-2019 21:14:15 UTC Run: 1 Event: 40760
Trajectory covariance is not positive-definite
%MSG
%MSG-w BasicTrajectoryState:  GlobalMuonProducer:globalMuons  21-Feb-2019 21:14:15 UTC Run: 1 Event: 40760
local error not pos-def
[       241.78     30.2526      348.67   0.0001679    -34.0311
       30.2526     3.79026     43.6196 1.97217e-05    -3.74411
        348.67     43.6196     502.952 0.000244742    -49.1067
     0.0001679 1.97217e-05 0.000244742 1.87882e-05 2.88178e-05
      -34.0311    -3.74411    -49.1067 2.88178e-05     -156.95 ]
pos/mom/mf  (41.259,-41.3994,-81.2225)   (3.90174,-4.27182,-7.64205)   (-0.00704104,0.007065,3.80027) 
%MSG
%MSG-w BasicTrajectoryState:  GlobalMuonProducer:globalMuons  21-Feb-2019 21:14:15 UTC Run: 1 Event: 40760
curv error not pos-def
[       241.78     127.374    -30.2602 0.000491969     20.5412
       127.374     67.1209     -15.939 0.000260157     10.8242
      -30.2602     -15.939     3.79105-5.38912e-05    -2.16861
   0.000491969 0.000260157-5.38912e-05 1.87601e-05-0.000920089
       20.5412     10.8242    -2.16861-0.000920089    -57.1822 ]
pos/mom/mf  (41.259,-41.3994,-81.2225)   (3.90174,-4.27182,-7.64205)   (-0.00704104,0.007065,3.80027) 
%MSG
%MSG-e TrajectoryNotPosDef:  GlobalMuonProducer:globalMuons  21-Feb-2019 21:14:15 UTC Run: 1 Event: 40760
Trajectory covariance is not positive-definite
%MSG
%MSG-e TrajectoryNotPosDef:  MuonIdProducer:muons1stStep  21-Feb-2019 21:14:16 UTC Run: 1 Event: 40760
Trajectory covariance is not positive-definite
%MSG
%MSG-w BasicTrajectoryState:  MuonIdProducer:muons1stStep  21-Feb-2019 21:14:16 UTC Run: 1 Event: 40760
local error not pos-def
[       241.78     30.2526      348.67   0.0001679    -34.0311
       30.2526     3.79026     43.6196 1.97217e-05    -3.74411
        348.67     43.6196     502.952 0.000244742    -49.1067
     0.0001679 1.97217e-05 0.000244742 1.87882e-05 2.88178e-05
      -34.0311    -3.74411    -49.1067 2.88178e-05     -156.95 ]
pos/mom/mf  (41.259,-41.3994,-81.2225)   (3.90174,-4.27182,-7.64205)   (-0.00704104,0.007065,3.80027) 
%MSG
%MSG-w BasicTrajectoryState:  MuonIdProducer:muons1stStep  21-Feb-2019 21:14:16 UTC Run: 1 Event: 40760
curv error not pos-def
[       241.78     127.374    -30.2602 0.000491969     20.5412
       127.374     67.1209     -15.939 0.000260157     10.8242
      -30.2602     -15.939     3.79105-5.38912e-05    -2.16861
   0.000491969 0.000260157-5.38912e-05 1.87601e-05-0.000920089
       20.5412     10.8242    -2.16861-0.000920089    -57.1822 ]
pos/mom/mf  (41.259,-41.3994,-81.2225)   (3.90174,-4.27182,-7.64205)   (-0.00704104,0.007065,3.80027) 
%MSG
%MSG-e FailedPropagation:  TrackProducer:detachedTripletStepTracks  21-Feb-2019 21:19:04 UTC Run: 1 Event: 40779
 too many iterations trying to reach plane 
%MSG
Begin processing the 801st record. Run 1, Event 40804, LumiSection 41 on stream 0 at 21-Feb-2019 21:24:18.246 UTC
%MSG-w Muon:  GlobalMuonProducer:displacedGlobalMuons 21-Feb-2019 21:31:55 UTC  Run: 1 Event: 40832
     Failed to load tracker track trajectory
%MSG
%MSG-w RecoMuon:  GlobalMuonProducer:displacedGlobalMuons  21-Feb-2019 21:31:55 UTC Run: 1 Event: 40832
     Failed to load tracker track trajectory
%MSG
%MSG-w GlobalMuon:  GlobalMuonProducer:displacedGlobalMuons  21-Feb-2019 21:31:55 UTC Run: 1 Event: 40832
     Failed to load tracker track trajectory
%MSG
%MSG-w GlobalTrajectoryBuilderBase:  GlobalMuonProducer:displacedGlobalMuons  21-Feb-2019 21:31:55 UTC Run: 1 Event: 40832
     Failed to load tracker track trajectory
%MSG
%MSG-w BasicTrajectoryState:  TrackProducer:convStepTracks  21-Feb-2019 21:35:12 UTC Run: 1 Event: 40848
local error not pos-def
[ -0.000314148 0.000148914   0.0016953 0.000226925 -0.00557112
   0.000148914  0.00206584 -0.00539097 -0.00308787   0.0758075
     0.0016953 -0.00539097   0.0114032   0.0141131   -0.346488
   0.000226925 -0.00308787   0.0141131   0.0175922   -0.431847
   -0.00557112   0.0758075   -0.346488   -0.431847     10.6022 ]
pos/mom/mf  (-8.98823,-28.8005,-106.423)   (-2.10712,-38.2536,-31.2173)   (0.00198293,0.00635381,3.78791) 
%MSG
%MSG-w BasicTrajectoryState:  TrackProducer:convStepTracks  21-Feb-2019 21:35:12 UTC Run: 1 Event: 40848
curv error not pos-def
[ -0.000314148-0.000674243 0.000165825 -0.00136593  0.00341475
  -0.000674243  0.00140797 -0.00223731   0.0316525  -0.0791299
   0.000165825 -0.00223731  0.00311258  -0.0294829   0.0737058
   -0.00136593   0.0316525  -0.0294829    0.637331    -1.59329
    0.00341475  -0.0791299   0.0737058    -1.59329     3.98316 ]
pos/mom/mf  (-8.98823,-28.8005,-106.423)   (-2.10712,-38.2536,-31.2173)   (0.00198293,0.00635381,3.78791) 
%MSG
%MSG-w BasicTrajectoryState:  TrackProducer:convStepTracks  21-Feb-2019 21:35:12 UTC Run: 1 Event: 40848
curv error not pos-def
[ -0.000314148-0.000674243 0.000164445 -0.00141572  0.00367586
  -0.000674243  0.00140797 -0.00224027   0.0323293  -0.0796735
   0.000164445 -0.00224027  0.00311403  -0.0304281   0.0745869
   -0.00141572   0.0323293  -0.0304281    0.655504    -1.62814
    0.00367586  -0.0796735   0.0745869    -1.62814      4.0445 ]
pos/mom/mf  (-8.97173,-28.5007,-106.178)   (-2.10372,-38.2538,-31.2173)   (0.00197506,0.00627421,3.788) 
%MSG
%MSG-w BasicTrajectoryState:  TrackProducer:convStepTracks  21-Feb-2019 21:35:12 UTC Run: 1 Event: 40848
local error not pos-def
[ -0.000314148 0.000319242  -0.0016714 0.000408203 -0.00597501
   0.000319242  0.00108357  0.00436261 -0.00215494   0.0418533
    -0.0016714  0.00436261    0.012387  -0.0198232    0.355035
   0.000408203 -0.00215494  -0.0198232   0.0361528   -0.622891
   -0.00597501   0.0418533    0.355035   -0.622891     10.7555 ]
pos/mom/mf  (-8.97173,-28.5007,-106.178)   (-2.10372,-38.2538,-31.2173)   (0.00197506,0.00627421,3.788) 
%MSG
%MSG-w BasicTrajectoryState:  TrackProducer:convStepTracks  21-Feb-2019 21:35:12 UTC Run: 1 Event: 40848
local error not pos-def
[    0.0188514    -1.30205    0.551608     17.6716     11.7409
      -1.30205   -0.644602    0.270206     9.27657     6.31548
      0.551608    0.270206   -0.723475    -29.5445    -22.4914
       17.6716     9.27657    -29.5445    -120.392    -90.5872
       11.7409     6.31548    -22.4914    -90.5872    -58.6154 ]
pos/mom/mf  (-151.946,-32.581,-148.449)   (4.21931,0.645904,-0.0941378)   (0.0415883,0.00895273,3.78903) 
%MSG
%MSG-w BasicTrajectoryState:  TrackProducer:convStepTracks  21-Feb-2019 21:35:12 UTC Run: 1 Event: 40848
curv error not pos-def
[    0.0188514 0.000696565  -0.0285029     19.1976   -0.199154
   0.000696565-2.33297e-07 1.23143e-05  -0.0130696 0.000119307
    -0.0285029 1.23143e-05 0.000691794   -0.350527  0.00310928
       19.1976  -0.0130696   -0.350527     -155.48     1.52874
     -0.199154 0.000119307  0.00310928     1.52874  -0.0114379 ]
pos/mom/mf  (-151.946,-32.581,-148.449)   (4.21931,0.645904,-0.0941378)   (0.0415883,0.00895273,3.78903) 
%MSG
%MSG-w TrackNaN:  TrackProducer:convStepTracks 21-Feb-2019 21:35:12 UTC  Run: 1 Event: 40848
Track has NaN or the cov is not pos-definite
%MSG
%MSG-w BasicTrajectoryState:  TrackProducer:convStepTracks  21-Feb-2019 22:02:57 UTC Run: 1 Event: 40942
local error not pos-def
[ -3.24426e-08-5.58592e-06 3.99494e-08 2.48048e-07-1.23767e-05
  -5.58592e-06 0.000177283-1.26744e-05-7.89339e-06 0.000392788
   3.99494e-08-1.26744e-05 0.000167012 6.52739e-07 6.87483e-06
   2.48048e-07-7.89339e-06 6.52739e-07 7.57466e-06-7.74233e-05
  -1.23767e-05 0.000392788 6.87483e-06-7.74233e-05  0.00162918 ]
pos/mom/mf  (-23.9554,-7.24857,-80.2793)   (-6.64787,0.643317,-20.5309)   (0.00406425,0.00122978,3.79786) 
%MSG
%MSG-w BasicTrajectoryState:  TrackProducer:convStepTracks  21-Feb-2019 22:02:57 UTC Run: 1 Event: 40942
curv error not pos-def
[ -3.24426e-08-1.25583e-06  1.6631e-05 3.40101e-06 1.13187e-05
  -1.25583e-06 0.000132006 2.35436e-05-2.59291e-05-8.86675e-05
    1.6631e-05 2.35436e-05  0.00172769  0.00031989  0.00106226
   3.40101e-06-2.59291e-05  0.00031989 0.000151602 0.000444808
   1.13187e-05-8.86675e-05  0.00106226 0.000444808  0.00134295 ]
pos/mom/mf  (-23.9554,-7.24857,-80.2793)   (-6.64787,0.643317,-20.5309)   (0.00406425,0.00122978,3.79786) 
%MSG
%MSG-w TrackNaN:  TrackProducer:convStepTracks 21-Feb-2019 22:02:57 UTC  Run: 1 Event: 40942
Track has NaN or the cov is not pos-definite
%MSG
Begin processing the 1001st record. Run 1, Event 41010, LumiSection 42 on stream 0 at 21-Feb-2019 22:12:24.772 UTC
Begin processing the 1201st record. Run 1, Event 41200, LumiSection 42 on stream 0 at 21-Feb-2019 23:00:05.462 UTC
[2019-02-21 23:03:16.080134 +0000][Error  ][XRootD            ] [se01.indiacms.res.in:11001] Impossible to send message kXR_open (file: /store/mc/RunIIAutumn18DRPremix/JPsiToMuMu_Pt20to100-pythia8-gun/GEN-SIM-RAW/102X_upgrade2018_realistic_v15_ext1-v1/110000/AB4EDEEB-A0E1-B14B-A5B2-FFE0499BDA1A.root?tried=+1098xrdcmsglobal011098xrdcmsglobal02.cern.ch,+1213cmsxrootd2.fnal.gov1213xrootd.unl.edu,dpms15.indiacms.res.in,cms-xrd-transit.cern.ch&triedrc=enoent, mode: 0660, flags: kXR_open_read kXR_async kXR_retstat ). Trying to recover.
%MSG-w MakeMuonWithTEV:  MuonIdProducer:muons1stStep 21-Feb-2019 23:06:45 UTC  Run: 1 Event: 41231
Failed to get  TEV refits, fall back to sigma switch.
%MSG
%MSG-w Muon:  GlobalMuonProducer:displacedGlobalMuons 21-Feb-2019 23:25:32 UTC  Run: 1 Event: 41301
     Failed to load tracker track trajectory
%MSG
%MSG-w RecoMuon:  GlobalMuonProducer:displacedGlobalMuons  21-Feb-2019 23:25:32 UTC Run: 1 Event: 41301
     Failed to load tracker track trajectory
%MSG
%MSG-w GlobalMuon:  GlobalMuonProducer:displacedGlobalMuons  21-Feb-2019 23:25:32 UTC Run: 1 Event: 41301
     Failed to load tracker track trajectory
%MSG
%MSG-w GlobalTrajectoryBuilderBase:  GlobalMuonProducer:displacedGlobalMuons  21-Feb-2019 23:25:32 UTC Run: 1 Event: 41301
     Failed to load tracker track trajectory
%MSG
%MSG-w Muon:  GlobalMuonProducer:displacedGlobalMuons 21-Feb-2019 23:25:32 UTC  Run: 1 Event: 41301
     Failed to load tracker track trajectory
%MSG
%MSG-w RecoMuon:  GlobalMuonProducer:displacedGlobalMuons  21-Feb-2019 23:25:32 UTC Run: 1 Event: 41301
     Failed to load tracker track trajectory
%MSG
%MSG-w GlobalMuon:  GlobalMuonProducer:displacedGlobalMuons  21-Feb-2019 23:25:32 UTC Run: 1 Event: 41301
     Failed to load tracker track trajectory
%MSG
%MSG-w GlobalTrajectoryBuilderBase:  GlobalMuonProducer:displacedGlobalMuons  21-Feb-2019 23:25:32 UTC Run: 1 Event: 41301
     Failed to load tracker track trajectory
%MSG
Begin processing the 1401st record. Run 1, Event 41403, LumiSection 42 on stream 0 at 21-Feb-2019 23:50:20.843 UTC
[2019-02-21 23:57:13.244057 +0000][Error  ][XRootD            ] [dpms15.indiacms.res.in:1095] Impossible to send message kXR_readv (handle: 0x00000000, chunks: 43, total size: 20232400). Trying to recover.
[2019-02-21 23:57:13.244149 +0000][Error  ][XRootD            ] [dpms15.indiacms.res.in:1095] Unable to get the response to request kXR_readv (handle: 0x00000000, chunks: 43, total size: 20232400)
%MSG-w XrdAdaptorInternal:  (NoModuleName) 21-Feb-2019 23:57:13 UTC pre-events
XrdRequestManager::handle(name='root://cmsxrootd.fnal.gov//store/mc/RunIIAutumn18DRPremix/JPsiToMuMu_Pt20to100-pythia8-gun/GEN-SIM-RAW/102X_upgrade2018_realistic_v15_ext1-v1/110000/AB4EDEEB-A0E1-B14B-A5B2-FFE0499BDA1A.root) failure when reading from dpms15.indiacms.res.in:1095 (unknown site); failed with error '[ERROR] Server responded with an error: [3010] Opening relative path '?tried=+1213cmsxrootd2.fnal.gov1213xrootd.unl.edu' is disallowed.
' (errno=3010, code=400).
%MSG
%MSG-w XrdAdaptorInternal:  (NoModuleName) 21-Feb-2019 23:57:13 UTC pre-events
Request failure when reading from dpms15.indiacms.res.in:1095 (unknown site)
%MSG
%MSG-w XrdAdaptor:  (NoModuleName) 21-Feb-2019 23:57:13 UTC pre-events
Data is now served from  instead of previous indiacms.res.in
%MSG
%MSG-w XrdAdaptorInternal:  (NoModuleName) 21-Feb-2019 23:57:20 UTC pre-events
Caught a CMSSW exception when running connection recovery.
%MSG
----- Begin Fatal Exception 21-Feb-2019 23:57:20 UTC-----------------------
An exception of category 'FileReadError' occurred while
   [0] Calling InputSource::getNextItemType
   [1] Reading branch EventAuxiliary
   [2] Calling XrdFile::readv()
   [3] XrdAdaptor::ClientRequest::HandleResponse() failure while running connection recovery
   [4] Handling XrdAdaptor::RequestManager::requestFailure()
   [5] In XrdAdaptor::RequestManager::OpenHandler::HandleResponseWithHosts()
Exception Message:
XrdCl::File::Open(name='root://cmsxrootd.fnal.gov//store/mc/RunIIAutumn18DRPremix/JPsiToMuMu_Pt20to100-pythia8-gun/GEN-SIM-RAW/102X_upgrade2018_realistic_v15_ext1-v1/110000/AB4EDEEB-A0E1-B14B-A5B2-FFE0499BDA1A.root', flags=0x10, permissions=0660) => error '[ERROR] Server responded with an error: [3011] No servers are reachable via public IPv4 network to read the file.
' (errno=3011, code=400)
   Additional Info:
      [a] Original error: '[ERROR] Server responded with an error: [3010] Opening relative path '?tried=+1213cmsxrootd2.fnal.gov1213xrootd.unl.edu' is disallowed.
' (errno=3010, code=400, source=dpms15.indiacms.res.in:1095 (unknown site)).
      [b] Original failed source is dpms15.indiacms.res.in:1095 (unknown site)
      [c] Disabled source: dpms15.indiacms.res.in:1095
----- End Fatal Exception -------------------------------------------------
Another exception was caught while trying to clean up files after the primary fatal exception.
21-Feb-2019 23:57:20 UTC  Closed file root://cmsxrootd.fnal.gov//store/mc/RunIIAutumn18DRPremix/JPsiToMuMu_Pt20to100-pythia8-gun/GEN-SIM-RAW/102X_upgrade2018_realistic_v15_ext1-v1/110000/AB4EDEEB-A0E1-B14B-A5B2-FFE0499BDA1A.root

=============================================

MessageLogger Summary

 type     category        sev    module        subroutine        count    total
 ---- -------------------- -- ---------------- ----------------  -----    -----
    1 BasicTrajectoryState -w GlobalMuonProduc                       2        2
    2 BasicTrajectoryState -w MuonIdProducer:m                       2        2
    3 BasicTrajectoryState -w TrackProducer:co                      10       10
    4 GlobalMuon           -w GlobalMuonProduc                       8        8
    5 GlobalTrajectoryBuil -w GlobalMuonProduc                       8        8
    6 MakeMuonWithTEV      -w MuonIdProducer:m                       3        3
    7 Muon                 -w GlobalMuonProduc                       8        8
    8 Muon                 -w GlobalMuonProduc                       1        1
    9 MuonUpdatorAtVertex  -w GlobalMuonProduc                       1        1
   10 PFTrackTransformer   -w PFTrackProducer:                       4        4
   11 PFTrackTransformer   -w PFTrackProducer:                       4        4
   12 RecoMuon             -w GlobalMuonProduc                       8        8
   13 RecoMuon             -w GlobalMuonProduc                       1        1
   14 TrackNaN             -w TrackProducer:co                       2        2
   15 XrdAdaptor           -w (NoModuleName)                         1        1
   16 XrdAdaptor           -w file_open                              1        1
   17 XrdAdaptorInternal   -w (NoModuleName)                         3        3
   18 XrdAdaptorInternal   -w file_open                              2        2
   19 FailedPropagation    -e TrackProducer:de                       1        1
   20 TkDetLayers          -e ConversionTrackC                       1        1
   21 TrajectoryNotPosDef  -e GlobalMuonProduc                       2        2
   22 TrajectoryNotPosDef  -e MuonIdProducer:m                       1        1
   23 Additional Exception -s PostGlobalEndRun                       1        1
   24 Fatal Exception      -s PostProcessPath                        1        1
   25 fileAction           -s file_close                             1        1
   26 fileAction           -s file_open                              3        3

 type    category    Examples: run/evt        run/evt          run/evt
 ---- -------------------- ---------------- ---------------- ----------------
    1 BasicTrajectoryState 1/40760          1/40760          
    2 BasicTrajectoryState 1/40760          1/40760          
    3 BasicTrajectoryState 1/40198          1/40198          1/40942
    4 GlobalMuon           1/40050          1/40049          1/41301
    5 GlobalTrajectoryBuilderBase 1/40050          1/40049          1/41301
    6 MakeMuonWithTEV      1/40064          1/40504          1/41231
    7 Muon                 1/40050          1/40049          1/41301
    8 Muon                 1/40064                           
    9 MuonUpdatorAtVertex  1/40064                           
   10 PFTrackTransformer   1/40163          1/40163          1/40168
   11 PFTrackTransformer   1/40163          1/40163          1/40168
   12 RecoMuon             1/40050          1/40049          1/41301
   13 RecoMuon             1/40064                           
   14 TrackNaN             1/40848          1/40942          
   15 XrdAdaptor           pre-events                        
   16 XrdAdaptor           pre-events                        
   17 XrdAdaptorInternal   pre-events       pre-events       pre-events
   18 XrdAdaptorInternal   pre-events       pre-events       
   19 FailedPropagation    1/40779                           
   20 TkDetLayers          Run: 1 Stream: 0                  
   21 TrajectoryNotPosDef  1/40760          1/40760          
   22 TrajectoryNotPosDef  1/40760                           
   23 Additional Exceptions PostGlobalEndRun                  
   24 Fatal Exception      PostProcessEvent                  
   25 fileAction           PostGlobalEndRun                  
   26 fileAction           pre-events       pre-events       pre-events

Severity    # Occurrences   Total Occurrences
--------    -------------   -----------------
Warning                69                  69
Error                   5                   5
System                  6                   6

dropped waiting message count 0
exit code 85, skipping xrdcp
